Effort_Cost : 2.0050939572187367
Symmetry_Cost : 0.012320692636647156
Velocity_Cost : 0.004591056325984103
GRF_Cost : 0.10678533065732396
JointPain_Cost : 0.0
HipPain_Cost : 0.0
KneePain_Cost : 0.0
AnklePain_Cost : 0.0
Kinematic_Cost : 84.9166728447875
Comb_Eff_Vel_Pain_Scruff : 15.441896855822502
Comb_Kine_Vel_Pain_Scruff : 89.5077291707716
Actual_velocity : [1.2454e+00 7.0777e-08]
Actual_dist : [6.7875e+00 3.8573e-07]
Actual_time : 5.449999999999999
Pelvis_Cost : None
