Effort_Cost : 2.011627080644353
Symmetry_Cost : 0.07174352382316858
Velocity_Cost : 0.13387543531551976
GRF_Cost : 0.09990786155129944
JointPain_Cost : 0.0
HipPain_Cost : 0.0
KneePain_Cost : 0.0
AnklePain_Cost : 0.0
Kinematic_Cost : 122.01364816644862
Comb_Eff_Vel_Pain_Scruff : 145.59736320146934
Comb_Kine_Vel_Pain_Scruff : 255.88908348196838
Actual_velocity : [ 1.1161e+00 -9.8014e-07]
Actual_dist : [ 7.3329e+00 -6.4395e-06]
Actual_time : 6.570000000000002
Pelvis_Cost : None
