Effort_Cost : 2.5283652464353867
Symmetry_Cost : 0.009348777879474945
Velocity_Cost : 0.0018426574020839277
GRF_Cost : 0.06774637635531987
JointPain_Cost : 0.0
HipPain_Cost : 0.0
KneePain_Cost : 0.0
AnklePain_Cost : 0.0
Kinematic_Cost : 94.59716299906057
Comb_Eff_Vel_Pain_Scruff : 14.703060334884528
Comb_Kine_Vel_Pain_Scruff : 96.4398204011445
Actual_velocity : [9.9816e-01 6.3652e-08]
Actual_dist : [6.3483e+00 4.0483e-07]
Actual_time : 6.360000000000001
Pelvis_Cost : None
